5 6583.11
5.0101 6641.25
5.0202 6699.65
5.0303 6758.33
5.0404 6817.28
5.05051 6876.5
5.06061 6935.99
5.07071 6995.74
5.08081 7055.77
5.09091 7116.07
5.10101 7176.64
5.11111 7237.48
5.12121 7298.59
5.13131 7359.97
5.14141 7421.63
5.15152 7483.55
5.16162 7545.74
5.17172 7608.2
5.18182 7670.94
5.19192 7733.94
5.20202 7797.21
5.21212 7860.76
5.22222 7924.57
5.23232 7988.66
5.24242 8053.02
5.25253 8117.64
5.26263 8182.54
5.27273 8247.71
5.28283 8313.14
5.29293 8378.85
5.30303 8444.83
5.31313 8511.08
5.32323 8577.6
5.33333 8644.39
5.34343 8711.45
5.35354 8778.78
5.36364 8846.38
5.37374 8914.25
5.38384 8982.39
5.39394 9050.8
5.40404 9119.48
5.41414 9188.44
5.42424 9257.66
5.43434 9327.15
5.44444 9396.92
5.45455 9466.95
5.46465 9537.26
5.47475 9607.83
5.48485 9678.68
5.49495 9749.8
5.50505 9821.18
5.51515 9892.84
5.52525 9964.77
5.53535 10037
5.54545 10109.4
5.55556 10182.2
5.56566 10255.2
5.57576 10328.5
5.58586 10402
5.59596 10475.8
5.60606 10549.9
5.61616 10624.3
5.62626 10698.9
5.63636 10773.8
5.64646 10849
5.65657 10924.4
5.66667 11000.1
5.67677 11076.1
5.68687 11152.4
5.69697 11228.9
5.70707 11305.7
5.71717 11382.8
5.72727 11460.1
5.73737 11537.7
5.74747 11615.6
5.75758 11693.7
5.76768 11772.2
5.77778 11850.8
5.78788 11929.8
5.79798 12009
5.80808 12088.5
5.81818 12168.3
5.82828 12248.3
5.83838 12328.6
5.84848 12409.2
5.85859 12490.1
5.86869 12571.2
5.87879 12652.6
5.88889 12734.3
5.89899 12816.2
5.90909 12898.4
5.91919 12980.9
5.92929 13063.6
5.93939 13146.6
5.94949 13229.9
5.9596 13313.5
5.9697 13397.3
5.9798 13481.4
5.9899 13565.8
6 13650.4
