5.6 10308.9
5.60133 10319.1
5.60266 10329.3
5.60398 10339.6
5.60531 10349.9
5.60664 10360.3
5.60797 10370.7
5.60929 10381.1
5.61062 10391.6
5.61195 10402.1
5.61328 10412.7
5.61461 10423.3
5.61593 10433.9
5.61726 10444.6
5.61859 10455.3
5.61992 10466.1
5.62124 10476.9
5.62257 10487.7
5.6239 10498.6
5.62523 10509.6
5.62656 10520.6
5.62788 10531.6
5.62921 10542.6
5.63054 10553.8
5.63187 10564.9
5.63319 10576.1
5.63452 10587.4
5.63585 10598.6
5.63718 10610
5.63851 10621.4
5.63983 10632.8
5.64116 10644.3
5.64249 10655.8
5.64382 10667.3
5.64514 10678.9
5.64647 10690.6
5.6478 10702.3
5.64913 10714
5.65045 10725.8
5.65178 10737.7
5.65311 10749.6
5.65444 10761.5
5.65577 10773.5
5.65709 10785.5
5.65842 10797.6
5.65975 10809.7
5.66108 10821.9
5.6624 10834.1
5.66373 10846.4
5.66506 10858.7
5.66639 10871.1
5.66772 10893.2
5.66904 10905.9
5.67037 10918.6
5.6717 10931.3
5.67303 10944.1
5.67435 10956.9
5.67568 10969.7
5.67701 10982.6
5.67834 10995.5
5.67967 11008.4
5.68099 11021.4
5.68232 11034.3
5.68365 11047.3
5.68498 11060.4
5.6863 11073.4
5.68763 11086.5
5.68896 11099.6
5.69029 11112.7
5.69162 11125.9
5.69294 11139
5.69427 11152.2
5.6956 11165.5
5.69693 11178.7
5.69825 11191.9
5.69958 11205.2
5.70091 11218.5
5.70224 11231.9
5.70357 11245.2
5.70489 11258.5
5.70622 11271.9
5.70755 11285.3
5.70888 11298.7
5.7102 11312.2
5.71153 11325.6
5.71286 11339.1
5.71419 11352.6
5.71552 11366.1
5.71684 11379.6
5.71817 11393.1
5.7195 11406.6
5.72083 11420.2
5.72215 11433.8
5.72348 11447.3
5.72481 11460.9
5.72614 11474.5
5.72746 11488.1
5.72879 11501.8
5.73012 11515.4
5.73145 11529.1
5.73278 11542.7
5.7341 11556.4
5.73543 11570.1
5.73676 11583.7
5.73809 11597.4
5.73941 11611.1
5.74074 11624.8
5.74207 11638.5
5.7434 11652.3
5.74473 11666
5.74605 11679.7
5.74738 11693.5
5.74871 11707.2
5.75004 11720.9
5.75136 11734.7
5.75269 11748.4
5.75402 11762.2
5.75535 11775.9
5.75668 11789.7
5.758 11803.5
5.75933 11817.2
5.76066 11831
5.76199 11844.7
5.76331 11858.5
5.76464 11872.3
5.76597 11886
5.7673 11899.8
5.76863 11913.5
5.76995 11927.3
5.77128 11941
5.77261 11954.8
5.77394 11968.5
5.77526 11982.2
5.77659 11996
5.77792 12096.5
5.77925 12110.3
5.78058 12124
5.7819 12137.7
5.78323 12151.4
5.78456 12165
5.78589 12178.5
5.78721 12192
5.78854 12205.5
5.78987 12218.9
5.7912 12232.2
5.79253 12245.5
5.79385 12258.7
5.79518 12271.9
5.79651 12285
5.79784 12298
5.79916 12310.9
5.80049 12323.8
5.80182 12336.6
5.80315 12349.4
5.80447 12362.1
5.8058 12374.7
5.80713 12387.2
5.80846 12399.6
5.80979 12412
5.81111 12424.3
5.81244 12436.5
5.81377 12448.6
5.8151 12460.6
5.81642 12472.6
5.81775 12484.4
5.81908 12496.2
5.82041 12507.9
5.82174 12519.4
5.82306 12530.9
5.82439 12542.3
5.82572 12553.6
5.82705 12564.8
5.82837 12575.9
5.8297 12586.9
5.83103 12597.8
5.83236 12608.5
5.83369 12619.2
5.83501 12629.8
5.83634 12640.2
5.83767 12650.6
5.839 12660.8
5.84032 12670.9
5.84165 12680.9
5.84298 12690.8
5.84431 12700.5
5.84564 12710.2
5.84696 12719.7
5.84829 12729.1
5.84962 12738.4
5.85095 12747.5
5.85227 12756.5
5.8536 12765.4
5.85493 12774.1
5.85626 12782.8
5.85759 12791.2
5.85891 12799.6
5.86024 12807.8
5.86157 12815.9
5.8629 12823.8
5.86422 12831.6
5.86555 12839.2
5.86688 12846.7
5.86821 12854.1
5.86954 12861.2
5.87086 12868.3
5.87219 12875.2
5.87352 12881.9
5.87485 12888.5
5.87617 12895
5.8775 12901.2
5.87883 12907.3
5.88016 12913.3
5.88148 12919.1
5.88281 12924.7
5.88414 12930.2
5.88547 12935.5
5.8868 12940.6
5.88812 12945.6
5.88945 13146.9
5.89078 13151.4
5.89211 13155.7
5.89343 13159.7
5.89476 13163.6
5.89609 13167.1
5.89742 13170.4
5.89875 13173.5
5.90007 13176.4
5.9014 13178.9
5.90273 13181.2
5.90406 13183.3
5.90538 13185.1
5.90671 13186.6
5.90804 13187.9
5.90937 13188.9
5.9107 13189.6
5.91202 13190
5.91335 13190.2
5.91468 13190.1
5.91601 13189.6
5.91733 13188.9
5.91866 13187.9
5.91999 13186.6
5.92132 13185
5.92265 13183.1
5.92397 13180.9
5.9253 13178.4
5.92663 13175.6
5.92796 13172.5
5.92928 13169
5.93061 13165.3
5.93194 13161.2
5.93327 13156.7
5.9346 13152
5.93592 13146.9
5.93725 13141.5
5.93858 13135.7
5.93991 13129.6
5.94123 13123.2
5.94256 13116.4
5.94389 13109.3
5.94522 13101.8
5.94655 13093.9
5.94787 13085.7
5.9492 13077.2
5.95053 13068.2
5.95186 13058.9
5.95318 13049.2
5.95451 13039.2
5.95584 13028.8
5.95717 13017.9
5.95849 13006.8
5.95982 12995.2
5.96115 12983.2
5.96248 12970.9
5.96381 12958.1
5.96513 12944.9
5.96646 12931.4
5.96779 12917.4
5.96912 12903.1
5.97044 12888.3
5.97177 12873.1
5.9731 12857.5
5.97443 12841.4
5.97576 12825
5.97708 12808.1
5.97841 12790.8
5.97974 12773.1
5.98107 12754.9
5.98239 12736.3
5.98372 12717.2
5.98505 12697.7
5.98638 12677.8
5.98771 12657.4
5.98903 12636.6
5.99036 12615.3
5.99169 12593.5
5.99302 12571.3
5.99434 12548.6
5.99567 12525.4
5.997 12501.8
