5.1 6771.46
5.10201 6778.31
5.10401 6785.35
5.10602 6792.59
5.10803 6799.99
5.11003 6807.54
5.11204 7043.84
5.11405 7053.03
5.11605 7062.54
5.11806 7072.37
5.12007 7082.5
5.12207 7092.93
5.12408 7103.65
5.12609 7114.66
5.12809 7125.93
5.1301 7137.47
5.13211 7149.27
5.13411 7161.32
5.13612 7173.6
5.13813 7186.12
5.14013 7198.86
5.14214 7211.81
5.14415 7224.97
5.14615 7238.33
5.14816 7251.88
5.15017 7265.61
5.15217 7279.51
5.15418 7293.57
5.15619 7307.79
5.15819 7322.16
5.1602 7336.67
5.16221 7351.31
5.16421 7366.08
5.16622 7380.95
5.16823 7395.94
5.17023 7411.02
5.17224 7426.19
5.17425 7441.44
5.17625 7456.76
5.17826 7472.15
5.18027 7487.59
5.18227 7503.08
5.18428 7518.61
5.18629 7534.17
5.18829 7549.75
5.1903 7565.35
5.19231 7580.95
5.19431 7596.55
5.19632 7612.14
5.19833 7627.7
5.20033 7643.24
5.20234 7658.75
5.20435 7674.21
5.20635 7689.61
5.20836 7704.96
5.21037 7720.23
5.21237 7735.43
5.21438 7750.54
5.21639 7765.56
5.21839 7780.47
5.2204 7795.27
5.22241 7911.5
5.22441 7927.2
5.22642 7942.93
5.22843 7958.69
5.23043 7974.46
5.23244 7990.26
5.23445 8006.06
5.23645 8021.88
5.23846 8037.71
5.24047 8053.54
5.24247 8069.37
5.24448 8085.19
5.24649 8101.02
5.24849 8116.83
5.2505 8132.63
5.25251 8148.41
5.25452 8164.17
5.25652 8179.91
5.25853 8195.63
5.26054 8211.31
5.26254 8226.96
5.26455 8242.57
5.26656 8258.15
5.26856 8273.68
5.27057 8289.16
5.27258 8304.59
5.27458 8319.97
5.27659 8335.3
5.2786 8350.56
5.2806 8365.76
5.28261 8380.89
5.28462 8395.95
5.28662 8410.94
5.28863 8425.85
5.29064 8440.68
5.29264 8455.42
5.29465 8470.08
5.29666 8484.65
5.29866 8499.12
5.30067 8513.5
5.30268 8527.77
5.30468 8541.94
5.30669 8556
5.3087 8569.95
5.3107 8583.79
5.31271 8597.51
5.31472 8611.11
5.31672 8624.58
5.31873 8637.92
5.32074 8651.14
5.32274 8664.22
5.32475 8677.16
5.32676 8689.95
5.32876 8702.61
5.33077 8715.11
5.33278 8727.47
5.33478 8755.82
5.33679 8768.91
5.3388 8781.95
5.3408 8794.95
5.34281 8807.9
5.34482 8820.81
5.34682 8833.67
5.34883 8846.48
5.35084 8859.24
5.35284 8871.96
5.35485 8884.63
5.35686 8897.25
5.35886 8909.82
5.36087 8922.34
5.36288 8934.82
5.36488 8947.25
5.36689 8959.62
5.3689 8971.95
5.3709 8984.23
5.37291 8996.46
5.37492 9008.64
5.37692 9020.77
5.37893 9032.85
5.38094 9044.88
5.38294 9056.86
5.38495 9068.79
5.38696 9080.67
5.38896 9092.5
5.39097 9104.27
5.39298 9116
5.39498 9127.67
5.39699 9139.29
5.399 9150.86
5.401 9162.37
5.40301 9173.84
5.40502 9185.25
5.40702 9196.6
5.40903 9207.91
5.41104 9219.16
5.41304 9230.36
5.41505 9241.5
5.41706 9252.59
5.41906 9263.63
5.42107 9274.61
5.42308 9285.54
5.42508 9296.41
5.42709 9307.23
5.4291 9317.99
5.4311 9328.69
5.43311 9339.35
5.43512 9349.94
5.43712 9360.48
5.43913 9370.97
5.44114 9381.39
5.44314 9391.76
5.44515 9373.98
5.44716 9385.03
5.44916 9396.1
5.45117 9407.17
5.45318 9418.24
5.45518 9429.33
5.45719 9440.42
5.4592 9451.52
5.4612 9462.64
5.46321 9473.76
5.46522 9484.9
5.46722 9496.06
5.46923 9507.23
5.47124 9518.42
5.47324 9529.62
5.47525 9540.85
5.47726 9552.09
5.47926 9563.36
5.48127 9574.65
5.48328 9585.97
5.48528 9597.3
5.48729 9608.67
5.4893 9620.06
5.4913 9631.48
5.49331 9642.94
5.49532 9654.42
5.49732 9665.93
5.49933 9677.48
5.50134 9689.06
5.50334 9700.68
5.50535 9712.33
5.50736 9724.02
5.50936 9735.75
5.51137 9747.53
5.51338 9759.34
5.51538 9771.19
5.51739 9783.09
5.5194 9795.03
5.5214 9807.02
5.52341 9819.05
5.52542 9831.14
5.52742 9843.27
5.52943 9855.45
5.53144 9867.69
5.53344 9879.97
5.53545 9892.32
5.53746 9904.71
5.53946 9917.16
5.54147 9929.67
5.54348 9942.24
5.54548 9954.87
5.54749 9967.56
5.5495 9980.31
5.55151 9993.12
5.55351 10006
5.55552 10018.9
5.55753 10002.6
5.55953 10016.3
5.56154 10030
5.56355 10043.8
5.56555 10057.7
5.56756 10071.7
5.56957 10085.7
5.57157 10099.9
5.57358 10114.1
5.57559 10128.3
5.57759 10142.7
5.5796 10157.2
5.58161 10171.7
5.58361 10186.3
5.58562 10201
5.58763 10215.8
5.58963 10230.7
5.59164 10245.7
5.59365 10260.7
5.59565 10275.8
5.59766 10291.1
5.59967 10306.4
5.60167 10321.8
5.60368 10337.3
5.60569 10352.9
5.60769 10368.6
5.6097 10384.3
5.61171 10400.2
5.61371 10416.2
5.61572 10432.2
5.61773 10448.4
5.61973 10464.6
5.62174 10481
5.62375 10497.4
5.62575 10513.9
5.62776 10530.6
5.62977 10547.3
5.63177 10564.2
5.63378 10581.1
5.63579 10598.1
5.63779 10615.3
5.6398 10632.5
5.64181 10649.9
5.64381 10667.3
5.64582 10684.9
5.64783 10702.6
5.64983 10720.3
5.65184 10738.2
5.65385 10756.2
5.65585 10774.3
5.65786 10792.5
5.65987 10810.8
5.66187 10829.2
5.66388 10847.8
5.66589 10866.4
5.66789 10894.9
5.6699 10914.1
5.67191 10933.4
5.67391 10952.7
5.67592 10972.1
5.67793 10991.6
5.67993 11011.1
5.68194 11030.7
5.68395 11050.3
5.68595 11070
5.68796 11089.8
5.68997 11109.6
5.69197 11129.5
5.69398 11149.4
5.69599 11169.4
5.69799 11189.4
5.7 11209.5
